78 77 74 73 71 72 72 71 70 70 69 70 69 69 68 67 66 65 64 64 63 63 64 63 62 62 61 60 60 60 61 62 61 60 59 58 58 58 57 56 55 55 56 56 56 56 56 56 55 55 56 56 56 55 55 54 55 55 56 56 56 55 54 54 54 54 54 54 52 52 53 52 53 54 54 53 52 52 53 53 53 53 52 52 51 51 50 50 51 52 53 54 54 54 53 52 52 52 52 51 50 50 50 51 52 52 52 52 52 50 50 50 50 50 49 49 49 49 49 50 49 48 48 48 47 46 46 46 46 45 45 43 42 40 38 38 38 38 38 37 36 35 32 30 28 27 23 22 15 12 157 
67 65 64 64 64 63 62 62 63 64 64 66 66 66 66 66 66 66 66 66 66 66 65 65 65 65 65 65 65 65 64 64 64 64 64 64 63 63 62 62 62 62 62 62 62 62 62 62 62 61 60 60 60 60 60 60 60 60 60 60 59 57 57 57 57 57 58 58 58 58 58 58 57 57 57 57 57 57 57 57 57 57 57 57 57 57 57 58 57 57 58 58 58 58 58 58 58 58 58 58 58 58 58 58 58 56 56 56 56 56 56 56 56 56 56 56 56 56 56 56 56 56 56 56 56 56 56 56 56 56 56 56 55 54 53 52 52 52 50 48 48 46 45 43 39 37 33 30 21 19 214 
76 75 73 72 72 68 68 68 68 68 68 66 66 66 66 66 66 67 66 66 66 66 66 66 66 66 66 66 67 68 68 66 66 66 66 66 66 65 65 64 64 64 64 64 64 64 64 64 64 64 63 63 62 62 63 64 64 64 64 62 62 62 62 62 60 60 60 60 60 59 58 58 59 58 58 58 58 58 59 58 59 59 59 59 61 61 61 61 61 61 62 62 62 61 60 58 59 59 59 59 61 61 62 61 62 62 62 61 62 62 61 61 61 61 61 61 61 61 60 60 62 59 59 58 57 57 56 56 56 56 56 56 56 56 54 54 54 53 53 52 51 50 47 44 39 35 32 25 24 7 240 
75 76 71 71 71 70 70 70 69 70 70 69 69 70 68 68 69 70 70 70 68 68 69 69 69 70 68 68 68 67 67 66 69 68 70 68 68 68 68 68 66 67 67 67 66 66 68 68 68 66 66 66 64 64 64 64 62 62 62 62 62 61 60 60 59 58 60 59 59 60 60 60 58 58 58 58 58 58 58 57 56 56 56 56 56 56 57 58 57 56 56 56 58 58 58 58 58 58 58 58 58 58 58 57 58 58 58 58 58 57 56 56 56 56 56 55 55 54 54 54 54 54 54 54 54 53 52 52 52 52 52 51 49 48 48 48 44 43 42 40 40 40 36 34 32 27 25 22 12 6 202 
121 122 121 120 118 117 116 117 116 114 114 114 115 115 114 114 114 114 114 113 112 112 111 112 111 110 108 105 104 104 104 103 104 100 100 99 98 98 98 98 97 97 98 95 94 93 91 93 93 94 92 91 91 91 92 92 91 91 91 91 89 89 88 89 89 90 88 87 87 88 90 89 88 87 87 86 87 88 89 89 86 86 86 85 84 83 83 84 84 84 84 83 82 83 82 81 80 80 76 75 76 76 76 75 75 74 73 72 72 70 70 69 68 67 65 63 62 62 62 61 61 60 60 59 58 57 54 54 53 52 52 52 51 48 48 47 46 45 44 40 39 38 36 36 35 33 31 28 26 25 216 
70 69 68 68 68 68 66 67 68 68 68 68 68 68 69 68 69 69 69 68 68 68 68 69 68 68 68 68 68 68 68 68 68 68 68 67 67 62 62 62 62 62 63 63 62 61 60 59 58 58 58 57 58 58 58 58 58 58 58 58 58 58 57 56 56 56 56 57 58 58 58 57 56 56 55 56 56 56 56 56 56 55 56 56 56 56 56 55 55 56 58 58 57 57 57 57 56 58 58 58 58 58 58 58 58 58 58 58 57 57 57 57 55 54 54 54 54 54 54 55 55 55 55 56 55 54 54 53 52 52 51 50 50 49 48 47 45 44 44 44 41 40 37 36 34 32 28 22 19 10 161 
84 78 78 77 76 76 77 75 74 73 73 73 74 74 74 75 75 75 76 75 74 74 74 75 76 76 75 75 74 74 74 74 74 74 73 72 72 71 70 70 70 70 70 70 72 70 70 69 69 68 68 68 68 66 66 65 65 65 66 66 66 66 66 66 66 66 65 65 66 66 66 66 66 65 64 64 64 64 64 64 63 62 62 62 63 62 62 62 62 62 62 61 60 60 60 62 62 62 61 60 60 60 60 60 61 62 62 62 62 62 62 60 60 62 62 62 61 60 60 61 62 62 62 62 62 62 60 60 60 60 60 59 58 58 58 56 54 53 52 51 48 47 46 44 40 38 32 28 16 15 220 
75 74 74 74 75 73 74 74 74 74 74 74 74 74 74 74 74 74 74 73 74 74 74 74 75 75 75 76 76 75 74 74 74 75 75 76 76 76 75 74 74 74 74 74 74 74 74 73 73 73 73 73 72 72 72 72 72 72 71 70 70 71 71 71 71 70 69 69 70 70 70 70 70 70 70 70 70 70 68 68 68 68 68 68 67 66 66 66 66 66 66 65 64 64 64 64 64 64 64 64 64 64 64 62 62 62 62 62 62 62 62 62 62 62 62 62 62 62 62 62 62 62 62 62 62 62 62 62 62 61 60 60 60 60 60 58 57 56 56 55 50 50 49 46 44 40 32 24 20 7 256 
84 85 84 84 84 81 81 82 82 80 80 81 82 80 80 80 82 82 80 80 81 79 79 79 80 80 80 80 80 80 79 80 80 79 80 80 79 78 78 78 77 76 78 78 78 77 76 76 78 77 76 76 76 76 76 76 76 74 74 74 76 74 74 74 73 72 73 74 72 72 72 72 71 70 71 71 70 70 70 69 68 68 66 66 66 66 64 64 66 66 65 66 66 66 64 64 65 64 64 64 63 63 64 64 64 64 62 62 62 63 64 63 62 62 62 63 62 62 62 62 61 60 60 60 60 60 60 59 57 56 56 56 55 52 51 51 49 48 48 47 44 44 42 40 36 34 30 28 22 13 227 
117 116 115 114 114 114 113 112 114 113 112 111 113 112 111 110 109 108 110 109 109 108 107 107 107 108 106 104 103 103 103 102 104 102 101 100 100 101 100 100 100 100 99 97 96 97 96 96 96 96 95 95 94 94 94 94 93 93 94 94 94 95 96 96 96 95 95 96 96 97 97 94 93 93 92 91 92 93 91 91 92 92 89 88 90 90 90 90 89 89 90 89 89 89 89 87 86 85 84 83 82 80 80 78 79 78 78 77 76 75 74 74 73 72 72 72 71 70 70 69 66 65 64 64 62 62 61 60 60 56 56 55 55 55 54 53 52 50 49 48 46 44 44 43 42 41 39 34 34 32 202 
